""	"LDD0R1"	"LDD0R2"	"LDD0R3"	"LDD10CF70R1"	"LDD10CF70R2"	"LDD10CF70R3"	"LDD10MHPR1"	"LDD10MHPR2"	"LDD10MHPR3"	"LDD10MLPR1"	"LDD10MLPR2"	"LDD10MLPR3"	"LDD10MR1"	"LDD10MR2"	"LDD10MR3"	"LDD10NUSR1"	"LDD10NUSR2"	"LDD10NUSR3"	"LDD10OKAR1"	"LDD10OKAR2"	"LDD10OKAR3"	"LDD10PKMR1"	"LDD10PKMR2"	"LDD10PKMR3"	"LDD10PR1"	"LDD10PR2"	"LDD10PR3"	"LDD10RIBR1"	"LDD10RIBR2"	"LDD10RIBR3"	"LDD10SBMR1"	"LDD10SBMR2"	"LDD10SBMR3"	"LDD5CF70R1"	"LDD5CF70R2"	"LDD5CF70R3"	"LDD5MHPR1"	"LDD5MHPR2"	"LDD5MHPR3"	"LDD5MLPR1"	"LDD5MLPR2"	"LDD5MLPR3"	"LDD5MR1"	"LDD5MR2"	"LDD5MR3"	"LDD5NUSR1"	"LDD5NUSR2"	"LDD5NUSR3"	"LDD5OKAR1"	"LDD5OKAR2"	"LDD5OKAR3"	"LDD5PKMR1"	"LDD5PKMR2"	"LDD5PKMR3"	"LDD5PR1"	"LDD5PR2"	"LDD5PR3"	"LDD5RIBR1"	"LDD5RIBR2"	"LDD5RIBR3"	"LDD5SBMR1"	"LDD5SBMR2"	"LDD5SBMR3"	"WTD0R1"	"WTD0R2"	"WTD0R3"	"WTD10CF70R1"	"WTD10CF70R2"	"WTD10CF70R3"	"WTD10MHPR1"	"WTD10MHPR2"	"WTD10MHPR3"	"WTD10MLPR1"	"WTD10MLPR2"	"WTD10MLPR3"	"WTD10MR1"	"WTD10MR2"	"WTD10MR3"	"WTD10NUSR1"	"WTD10NUSR2"	"WTD10NUSR3"	"WTD10OKAR1"	"WTD10OKAR2"	"WTD10OKAR3"	"WTD10PKMR1"	"WTD10PKMR2"	"WTD10PKMR3"	"WTD10PR1"	"WTD10PR2"	"WTD10PR3"	"WTD10RIBR1"	"WTD10RIBR2"	"WTD10RIBR3"	"WTD10SBMR1"	"WTD10SBMR2"	"WTD10SBMR3"	"WTD5CF70R2"	"WTD5CF70R3"	"WTD5MHPR1"	"WTD5MHPR2"	"WTD5MHPR3"	"WTD5MLPR1"	"WTD5MLPR2"	"WTD5MLPR3"	"WTD5MR1"	"WTD5MR2"	"WTD5MR3"	"WTD5NUSR1"	"WTD5NUSR2"	"WTD5NUSR3"	"WTD5OKAR1"	"WTD5OKAR2"	"WTD5OKAR3"	"WTD5PKMR1"	"WTD5PKMR2"	"WTD5PKMR3"	"WTD5PR1"	"WTD5PR2"	"WTD5PR3"	"WTD5RIBR1"	"WTD5RIBR2"	"WTD5RIBR3"	"WTD5SBMR1"	"WTD5SBMR2"	"WTD5SBMR3"
"LDD0R1"	0	0.118701828116926	0.112782401436062	0.739638783952653	0.717852359879872	0.754516970825082	0.738402401467106	0.887552959920661	0.78856802095076	0.909891667828808	0.915353691332745	0.919219966260528	0.73960997468663	0.725384686390291	0.703408530676066	0.847696632888538	0.682900367535761	0.887625388343412	0.773563916397868	0.769071696666741	0.776759429363656	0.791634672450996	0.797625888080925	0.84551685059955	0.905185494500868	0.933099071473771	0.896049092809603	0.81650816536035	0.744355353377533	0.747696923693554	0.793133502122659	0.799371060648916	0.80668203210589	0.502692111572475	0.728456364615402	0.537078315742705	0.720121118577453	0.882149002203613	0.705874689721046	0.750343937453835	0.775117167771801	0.826475683760544	0.636196051310475	0.650868724487951	0.632132707577334	0.669087009840767	0.71327635737023	0.576492895273626	0.658575209581729	0.697521362141622	0.666997269523222	0.540599672560942	0.639942518940805	0.661605059315407	0.758454481101797	0.823042610791913	0.717358855767283	0.488598716997807	0.427266590853947	0.400505750197049	0.555017748896413	0.634407020729832	0.718530395123846	0.579122630745051	0.613823320037995	0.534973683046063	0.71391384063329	0.669779046322379	0.769384802975685	0.674884225551194	0.786932057197887	0.707549486958636	0.915723067532895	0.835605861410599	0.902560667358725	0.790068288319092	0.742679380089934	0.733671434591252	0.838028602286141	0.808697827357689	0.82124108056134	0.855981692012788	0.774372037934665	0.769186431838053	0.843915680337499	0.848796619779907	0.762332155896983	0.910335232060935	0.898749878934408	0.94352593241017	0.790276458980814	0.762849363691049	0.76777404134882	0.776805027877412	0.764003160684486	0.763423503697823	0.60644897112919	0.608748807796435	0.815512996562205	0.652469212250749	0.738253610244447	0.881878091572268	0.79557803505635	0.860417013381425	0.672882252468854	0.595347609418661	0.59657234351023	0.711049850611659	0.62335289448078	0.642131921002849	0.754497267252914	0.692143332649602	0.798293145144038	0.512079126439131	0.58028150856301	0.609621236660062	0.751640823757475	0.776267423390552	0.781953345428419	0.480915329572431	0.58579067546563	0.457843197833283	0.709444458128397	0.667229159815696	0.653702475962948
"LDD0R2"	0.118701828116926	0	0.138893354854094	0.787812234928312	0.785149854753078	0.76307331667198	0.814111863523851	0.898956442744341	0.817567926483487	0.909317467018877	0.9168886963225	0.916867743813267	0.814284319843912	0.791785904347126	0.772272667303965	0.845504919016717	0.726220523259872	0.889205085588909	0.81369510405346	0.819865571101213	0.826720876276979	0.829038062433291	0.833387903649714	0.851148968250899	0.904311378675075	0.933037420736615	0.893233015097855	0.815791255648129	0.770778544669678	0.794948830286798	0.830377001964597	0.837062122591403	0.84284192329977	0.486378519419844	0.755846360239153	0.519098167237207	0.759978940647752	0.872083631596729	0.745848206746434	0.73883428631116	0.807338985330242	0.820321928395541	0.675163953256056	0.687259746208521	0.661571028306937	0.708634743549934	0.741138976534212	0.596577274492497	0.686429814609074	0.687329642512485	0.697986713977943	0.548324064412225	0.624674411093226	0.657774834451194	0.77893785569265	0.814353339998426	0.746043675162276	0.534789453418439	0.413245291901468	0.391169874201076	0.617532299969737	0.699179147228927	0.758272400888859	0.533836810124042	0.588226788093304	0.490532158035886	0.759150834593847	0.73577074240164	0.81548412582851	0.758413419393721	0.839776425350312	0.771950787833801	0.920955354374154	0.852349613515226	0.908304796583228	0.823742624479179	0.792259669013197	0.810800200322152	0.8555577108664	0.828432969260486	0.867773480938567	0.861375550117381	0.827698473159882	0.820991095929674	0.858116102116914	0.866810146428785	0.818825561291019	0.915655206303458	0.901231965875621	0.948688989152395	0.795355164038426	0.796664079846598	0.78070014152368	0.827790510137749	0.822577889637995	0.822991021174073	0.570483466759795	0.567051749804419	0.829941477078066	0.717022154843281	0.744298850402578	0.884259597798481	0.822082847119398	0.860876550416256	0.710650660272684	0.592035587904423	0.614974833224564	0.709276043836153	0.672360465114034	0.632160523499954	0.759690139045511	0.738059377594344	0.793444312357163	0.559100180492095	0.625152738284584	0.660997551717839	0.818412474962946	0.804761973192142	0.827397283436546	0.509740774424174	0.578806808080581	0.484583808084192	0.720102709451974	0.676980992281368	0.659205402131423
"LDD0R3"	0.112782401436062	0.138893354854094	0	0.730675733293262	0.709369113652636	0.751742655898595	0.736711122362648	0.894118565420247	0.794290753808562	0.906528410402666	0.913316120176084	0.915217194802466	0.737277051243849	0.714275416631132	0.696968869044906	0.843939109970163	0.665144246948918	0.887639276542354	0.759406205945139	0.776201767039463	0.769252324014184	0.771167532759451	0.777622352670182	0.847082483580001	0.902229949485417	0.931301262591627	0.891425619867944	0.811534331540835	0.747232249570535	0.737139852311921	0.775593301793179	0.781980595428113	0.788030902646637	0.490231205569008	0.702200251040264	0.519844135606879	0.702561459623997	0.870402959736488	0.687232541399313	0.738635662108397	0.76429959953509	0.819325899753865	0.616563526821485	0.629780244720883	0.627556427576104	0.65355330586173	0.687484081367798	0.58279143727894	0.636550442725571	0.636177811620603	0.643024251293244	0.549695110731254	0.621165472222144	0.652312446222824	0.749449044933108	0.813185056330465	0.692802160355692	0.482169359877229	0.418675394790068	0.390135810283044	0.543730364704651	0.623905112005814	0.700682546653467	0.601518583959331	0.543762290092829	0.557943293180501	0.706459582361242	0.661413710210381	0.780368672782138	0.680176513009445	0.779003757910323	0.707631638272671	0.918451490937499	0.847412015000854	0.906340985129345	0.806147059816906	0.734093175005953	0.734884758523382	0.848620584586251	0.822860017073256	0.841041342784617	0.859349230570026	0.77054901966186	0.764295411879904	0.851642758100885	0.862216844383075	0.76284729370103	0.913532135696934	0.898334129936968	0.945527677192272	0.793995698205427	0.770958420741802	0.771523322138077	0.771505625034956	0.758879294575543	0.765356661435744	0.621087235207297	0.62041299110572	0.81125344294329	0.650417872087861	0.733610422042116	0.881229354252693	0.791692746768011	0.857424708260661	0.65682981325981	0.590922607848174	0.592347979338277	0.706415489167996	0.618206640599112	0.662998683445087	0.757681523536673	0.680809216244498	0.793469848318555	0.501918996751544	0.567230308798992	0.603163019916423	0.74351691328612	0.77276665608231	0.768268960668135	0.489410472738166	0.597556909287141	0.462489061553003	0.712331911214198	0.68199773955916	0.667770155451092
"LDD10CF70R1"	0.739638783952653	0.787812234928312	0.730675733293262	0	0.492852752224104	0.652262564752267	0.661278129934173	0.772648584872387	0.686381407300734	0.737219785051336	0.776044072018006	0.706000486830356	0.595375062606238	0.59066901445515	0.661991575157785	0.769999353539845	0.598784377680461	0.813515367539559	0.527945935574123	0.605167701279449	0.482970526716298	0.475870466869065	0.496892608714363	0.689925461619551	0.796431481784412	0.823125998307824	0.816725998684076	0.479812875162653	0.506275030626283	0.41036792482009	0.598195492503525	0.620440094075899	0.620319393831743	0.654075260974741	0.617353896851339	0.603120720295839	0.586146970872585	0.840777246791894	0.595786337741561	0.748599274585993	0.629850102602026	0.736729721281722	0.661523018970478	0.652021742681942	0.685913004071929	0.590592221004548	0.622294107603633	0.694402104805961	0.651027014697894	0.713435955597325	0.594237813170412	0.819407427181124	0.827296137795654	0.741509777874618	0.73617400871321	0.732514882775642	0.619699923446674	0.579741970690792	0.624091211821766	0.595074549814318	0.596725150265562	0.574582298607707	0.701153068486583	0.886771407913804	0.898389537373045	0.878470389005657	0.566208761652458	0.507163372414443	0.646913256902211	0.591894860144369	0.639837677644692	0.586211548166704	0.849509528246726	0.690243578891247	0.759223939538996	0.761347275111126	0.606372970119018	0.619358211721548	0.862518370127011	0.811510708443774	0.855961428754642	0.744882682564971	0.530136557906807	0.500747267298998	0.726189677511236	0.56608066913107	0.578548675795645	0.737985600066163	0.708101562506847	0.769590746185731	0.381381940236014	0.315761481597777	0.381795091803482	0.615760780159993	0.594320365984751	0.634508143431814	0.832359239399839	0.87275736860137	0.840208750164885	0.701963623260388	0.790032995806548	0.87981195849442	0.759090571793648	0.863970797803794	0.64478346067164	0.665427310109183	0.622903677353243	0.807960858190833	0.729591768963041	0.815997384266462	0.78002339280422	0.682942397381224	0.794105790628224	0.687644761281837	0.637142641521987	0.647386003141801	0.69014281274496	0.757575064065104	0.654006382911432	0.62907081976506	0.758639226006708	0.694486994295988	0.729924684891145	0.769741917842559	0.76181230015521
"LDD10CF70R2"	0.717852359879872	0.785149854753078	0.709369113652636	0.492852752224104	0	0.489282356803062	0.520926807823487	0.701118146338008	0.632396171993561	0.803945098586505	0.817739105361807	0.811279459741019	0.408850125583995	0.428719986738273	0.557586470864355	0.705104245117846	0.453442076021994	0.744505160898603	0.572386912270099	0.60496656500255	0.409615798268738	0.626764342995745	0.641921707965637	0.751853942550541	0.824245187226724	0.878707191908337	0.814671486244212	0.742064275436481	0.712132580127561	0.684948857538302	0.449513917583325	0.469404593111561	0.47096672543018	0.634348018591959	0.43555205242422	0.521120363319001	0.498248891056834	0.730642503084639	0.489310240108645	0.731810688617705	0.737557987292098	0.747610226831446	0.586121399493977	0.582451843656765	0.611317043415192	0.356921045949071	0.394833781570512	0.62322494019171	0.594391792203888	0.702298482325614	0.542801913717272	0.754356576893956	0.762081844165895	0.687922518898113	0.742378803116894	0.739566925523368	0.622367215720026	0.363679085306435	0.520949954762454	0.584953007919548	0.523906616484225	0.534382029694032	0.69415989424506	0.897039808586687	0.907020494280157	0.889301625948911	0.521720801006806	0.553269357555421	0.605981217191822	0.333732604904326	0.515611971610342	0.449153719733246	0.856774946577706	0.749306600072297	0.845336963588826	0.675610558226556	0.369538411629213	0.361805079622	0.801823488813414	0.755721464250746	0.771757124149364	0.760211922777065	0.39871229408789	0.458310287049985	0.794376846776748	0.80280570464122	0.676533553509931	0.843898806714796	0.8303832618864	0.882587578762357	0.759307866084811	0.701056259974299	0.763771675345896	0.459523024949466	0.409350708951168	0.555714332624438	0.773143616189456	0.860641602227959	0.713476617987206	0.607810352655994	0.775116089867421	0.848365144367082	0.738572080039524	0.829022965004577	0.485238109849031	0.6077440451352	0.526762493528526	0.746514252351255	0.670873321557453	0.758752238452989	0.726191416178008	0.626390396265233	0.727014587646658	0.690747523197669	0.617213585797211	0.643332088316058	0.587924526674953	0.766346829346437	0.634870479116133	0.585731562888153	0.714914323956202	0.639743271047926	0.654886429179408	0.677230701796774	0.696479253590527
"LDD10CF70R3"	0.754516970825082	0.76307331667198	0.751742655898595	0.652262564752267	0.489282356803062	0	0.689636466453176	0.801247538665083	0.675350674120128	0.803074503637762	0.820565467118252	0.804477662535778	0.728884398231789	0.695806376807204	0.702391497521339	0.803955855356306	0.730236516359107	0.833081334226279	0.689215595130163	0.692997033697596	0.690855212210307	0.677203884312646	0.727117726512733	0.739006355576448	0.808008273273336	0.858352272513878	0.830002857394007	0.724542121433696	0.690425885916584	0.718111397679494	0.750625327801098	0.744569163820473	0.74879513000467	0.713756237389593	0.766754332269449	0.707540759162027	0.74158647487992	0.70237163704563	0.738965490163637	0.729901892603175	0.732899993313234	0.765101157645048	0.73545101621642	0.74242828141704	0.730547531270731	0.747327080024375	0.749223290632512	0.739698061210047	0.678702605030445	0.73266846213956	0.655739111517426	0.804201856183286	0.809543573917551	0.750555793930996	0.760050785585892	0.74488427723139	0.725816325040079	0.699513986426715	0.7234298569262	0.703750130304593	0.724882179609669	0.720565743359009	0.749927366545662	0.898991051912579	0.896916848356432	0.881907290215973	0.414385884864126	0.675586468667933	0.599010407024101	0.744724475422808	0.740345412965629	0.736340867202484	0.857380418983547	0.754956919760542	0.816162146310036	0.775699289654319	0.753678315229203	0.743763510293086	0.879559911697836	0.832509997219028	0.868355109962002	0.756611172889095	0.703536144099588	0.689687486673821	0.773098903501199	0.786951023261861	0.718379750763331	0.821241167870424	0.806160577948812	0.854650613750493	0.717615359840329	0.677152597338041	0.704811541745346	0.734294021209955	0.722791572358323	0.75975483656776	0.844140850171299	0.860215501944731	0.69436148731206	0.722188215566741	0.789982115811488	0.842327711470765	0.750464008078276	0.825483208725409	0.774105415238696	0.758699517511172	0.773612710983728	0.813686971182106	0.785247253367006	0.816951108065773	0.768669370815845	0.732537674811014	0.74806775253808	0.746764366277859	0.724503503425102	0.752832051593622	0.803914399235722	0.779237627042965	0.786475959460252	0.746522392976458	0.764970229634884	0.738385516805819	0.74149851798849	0.787429827764397	0.783992091223341
"LDD10MHPR1"	0.738402401467106	0.814111863523851	0.736711122362648	0.661278129934173	0.520926807823487	0.689636466453176	0	0.352589089492455	0.364562043695595	0.851169810264435	0.859213117787294	0.845249532336572	0.34920655461709	0.325999179339715	0.279085580752625	0.646128629661047	0.492693686469639	0.647169935179505	0.688026080187277	0.581125880104621	0.577479819607119	0.709034921938405	0.736045123102668	0.813791395741921	0.719272733411413	0.919805883580113	0.624348586104425	0.57507409456717	0.752965856799612	0.713457836454217	0.587202139050911	0.590038545038299	0.584615450677225	0.654956748210856	0.5136692538728	0.558721895257096	0.247411428757878	0.656847022008838	0.516869242810782	0.769903767187303	0.759429299260314	0.785908145315856	0.519498608240641	0.537035907624184	0.551884608250854	0.48307342423262	0.512256634004314	0.497075229227399	0.629856854103668	0.71847324757215	0.669981144605972	0.694057453346538	0.699699894984951	0.692899319871585	0.765750625800474	0.766903325492421	0.677602972295429	0.600958711597483	0.6810714746151	0.592202637666266	0.592345187826594	0.581767284832037	0.674095652762353	0.883677115974921	0.924825437396909	0.841909488937542	0.683397013566107	0.466738820612003	0.635388345787561	0.489985130718631	0.392775395637165	0.457000975193971	0.890338522661586	0.779763936363161	0.865825407420928	0.487112114892569	0.494698551543716	0.489096887769623	0.663678033943653	0.620155168317087	0.62403153445897	0.81554138151654	0.490901380793256	0.65950559213936	0.829145137791035	0.832393872714058	0.682721167414934	0.87247950236776	0.859316216137973	0.912243956621153	0.698818323361517	0.747178352620451	0.812883118602854	0.68724231737032	0.620409218794099	0.658675443983501	0.717738080852437	0.838476675637749	0.637856188469046	0.560614141696021	0.755060734040639	0.83362359845499	0.717238572218749	0.812368892559171	0.580291950420289	0.573621884303295	0.586634179404101	0.67063191245875	0.533128290092743	0.758171376753681	0.729876746388252	0.52517713342817	0.745850248834029	0.702553025078241	0.6657972664887	0.666593004916468	0.712795805715995	0.747432331332409	0.725600981079633	0.544513352699431	0.654987934709197	0.424388083772528	0.574517604269233	0.413224968468458	0.569472628247118
"LDD10MHPR2"	0.887552959920661	0.898956442744341	0.894118565420247	0.772648584872387	0.701118146338008	0.801247538665083	0.352589089492455	0	0.511842393222945	0.829394467419738	0.837424861329213	0.838237105781312	0.599288563878486	0.499075565691166	0.450240207644324	0.753049537509119	0.732161247058153	0.753475942897974	0.804328004171876	0.69625521673253	0.708324904614318	0.840415239951384	0.87145335984784	0.855627691213321	0.72216453411129	0.905193558655582	0.626562916215206	0.644096591632959	0.848069944600741	0.847774601316669	0.70329980043401	0.727794981526293	0.719944672306068	0.803459567461159	0.66533744561229	0.705901014630662	0.474905665477107	0.763218315971901	0.754888812867223	0.855804587016705	0.882285790691984	0.824930233897591	0.747790857736187	0.764175098781628	0.745184129463912	0.718160096541733	0.673185627872754	0.647829236561999	0.774293549527335	0.785170922476517	0.815596088393371	0.802753001437505	0.806273426315994	0.770724060716913	0.879075289587987	0.829755831937152	0.824810108044545	0.755879631093976	0.828559283144174	0.743858865545856	0.739688041639514	0.763373105926047	0.812950977980014	0.88985185036371	0.930710801346163	0.846211973684972	0.857667213321301	0.62566552973945	0.593210819465472	0.722512825811929	0.625516452909817	0.667960397992722	0.882177567064646	0.830072333527902	0.864395665729402	0.4575605896726	0.714348273487959	0.74586897122688	0.576968440799065	0.566497349335936	0.56842482960834	0.826142579983966	0.707608515804259	0.795966263832655	0.870021762356398	0.850235521206352	0.823820750178382	0.864481067502178	0.861175290780286	0.90719511714069	0.764838013665631	0.848315225163332	0.896620920516794	0.825706439718436	0.768464361779372	0.80007433258296	0.795999622206124	0.851280969894296	0.769681704364345	0.744760886442658	0.828058401010389	0.86398509054642	0.846526196955648	0.881139849290506	0.804927092212805	0.798947083950581	0.810668127397502	0.831829366676498	0.654402051440161	0.823468364488121	0.768923700522462	0.75060054925539	0.805911976094435	0.847197428599754	0.806303599075211	0.813985047770192	0.894241236544935	0.864913173083752	0.872678066626722	0.72267551170155	0.557055595864643	0.592121493166047	0.738646153121797	0.564655658138125	0.738810109360215
"LDD10MHPR3"	0.78856802095076	0.817567926483487	0.794290753808562	0.686381407300734	0.632396171993561	0.675350674120128	0.364562043695595	0.511842393222945	0	0.837906369465649	0.84550344141988	0.846924022820807	0.578127802664514	0.487301929105183	0.481306356108574	0.771278346495435	0.696238017559588	0.774338130934779	0.713071928387008	0.635710383141727	0.627664963109285	0.756605403648435	0.782963294968442	0.817555546162884	0.719956078748517	0.914547900996659	0.644833664431837	0.580540008499663	0.758458640774636	0.754816100337914	0.588825080342875	0.638993594272083	0.628797936243019	0.702545850363224	0.575416002578286	0.628819166343843	0.473239388809014	0.727009501069122	0.701162413850334	0.764830375241529	0.783722478231813	0.78701994363316	0.709039930588381	0.712220568550066	0.708940436973898	0.693794225919724	0.612115509906959	0.593908091182468	0.722966360019228	0.711408458157388	0.715581187203496	0.813778052920715	0.817953182208467	0.749334843193701	0.775519702814133	0.768270681687776	0.72316312203191	0.699158190784436	0.751180355054953	0.692860902515428	0.745491489411586	0.726891471114296	0.757146000354747	0.909132854278565	0.922857569538957	0.900154606013647	0.713850257504566	0.556374436353478	0.693074476798646	0.697332431175117	0.562987944260783	0.665696117359119	0.890289843198671	0.78374150056973	0.86724249570748	0.674783208969462	0.670969882152714	0.692694683963742	0.844154893657642	0.799842637718815	0.841089975651653	0.822247977919336	0.671221079623958	0.712339557517525	0.827288722589248	0.850402821212107	0.756622250576295	0.878660968237761	0.859490191271378	0.914246282158223	0.698483338891159	0.754294287967638	0.812935346589113	0.733955065297674	0.683997213790996	0.709024880814025	0.815861894360105	0.836508807779797	0.737183339343517	0.619854059356364	0.742954383256558	0.826326411606975	0.724999424956302	0.804514455701618	0.746082082097502	0.741033113492044	0.752594100708069	0.790855389857963	0.74533416613613	0.808750804518113	0.777382044035815	0.735631725916517	0.799814500446335	0.757748448100172	0.72642573166138	0.757258841857902	0.800721192765008	0.764559314397014	0.782932952099296	0.652649636796267	0.742239824324685	0.558326124003791	0.723364151980064	0.58883616048281	0.749813969037664
"LDD10MLPR1"	0.909891667828808	0.909317467018877	0.906528410402666	0.737219785051336	0.803945098586505	0.803074503637762	0.851169810264435	0.829394467419738	0.837906369465649	0	0.390965387233121	0.526593019855426	0.85952544182847	0.852031047739118	0.861422922432422	0.860850113470088	0.849119076594832	0.865285027096657	0.729091587034	0.696216163097132	0.735929308923688	0.740470095951307	0.742602769968889	0.765922544392322	0.56181365064481	0.583258375390422	0.597307963575218	0.801751398036471	0.769564946154393	0.81838522685057	0.825134658068686	0.824718698092065	0.828129348060971	0.858188959034027	0.872024256499954	0.861953664395788	0.857971988335521	0.862889459084734	0.861272396917099	0.613753005672642	0.490310414656417	0.432611034918515	0.856275334506415	0.866473198546624	0.857768552600722	0.863089959179166	0.862478978406639	0.865220203883654	0.831745834458823	0.796366638600995	0.828467354024673	0.863616359572877	0.8585383496494	0.854363723373882	0.701723910181802	0.616520677570731	0.633610725121915	0.842333612513849	0.882249249373636	0.855272568557667	0.861859054141984	0.853294298429333	0.88236269766373	0.911172708296605	0.917030174469792	0.902357045892888	0.803782018379075	0.737872576356446	0.805448831533096	0.863662908086001	0.867088818822595	0.850179603908633	0.559634853281193	0.687624133352227	0.517039493927462	0.863854920060933	0.860833545546165	0.862854162521953	0.884429885628347	0.869900422567254	0.882943191936446	0.754356152101491	0.770532421238367	0.742319459887954	0.75987449850477	0.758891178347609	0.765761743708038	0.611019971878812	0.570009491650316	0.636924591912913	0.803696082669148	0.742493220237625	0.817983633510705	0.847683872633827	0.824159962019937	0.878004918462503	0.882965446221648	0.921829689936516	0.864249204274617	0.864855270401571	0.864802652225852	0.619681863707655	0.61601370023659	0.663737425503465	0.872556756082512	0.871598692848045	0.875057525649602	0.892446483648825	0.881315929817737	0.882242179101918	0.848508242133255	0.860398946561985	0.866744183329237	0.87320498384007	0.814494412035617	0.896572122659159	0.794803883332631	0.722242577945712	0.732397834663899	0.876030427324507	0.857353948682523	0.868596166732925	0.865965603246128	0.871089299868118	0.878625093941557
"LDD10MLPR2"	0.915353691332745	0.9168886963225	0.913316120176084	0.776044072018006	0.817739105361807	0.820565467118252	0.859213117787294	0.837424861329213	0.84550344141988	0.390965387233121	0	0.445205210740186	0.863079231079399	0.858366986078835	0.862629566809249	0.869594732037058	0.854027730399475	0.870035970643448	0.751827898334931	0.662750542917156	0.760168666512414	0.729136343061885	0.715819619605327	0.74834186691911	0.512207507796329	0.54147487389398	0.508860731844287	0.75822517865477	0.709751015090257	0.806608243730835	0.799240348250375	0.803719205934466	0.807417746773776	0.866896281383075	0.883308030818198	0.871668170655712	0.870122049178893	0.890174709173415	0.904013806523707	0.68517779045378	0.504927460171586	0.586800217125201	0.884156721906735	0.88907062715564	0.890566889463474	0.873018493550957	0.867629778349473	0.870659582679252	0.867080953189683	0.825061795217249	0.852252210106761	0.903111811703496	0.899634313686492	0.899371358952779	0.741476100830312	0.635283017779878	0.643222602236133	0.870941977782779	0.88994914508964	0.86184551090021	0.873453174118317	0.875862679643655	0.884820779782046	0.926367348264928	0.930536756099372	0.924641488229422	0.81190308587465	0.753235487413285	0.785305003706344	0.872805658857872	0.876269937720903	0.859746953267961	0.595975808709156	0.757813519466462	0.579052653490301	0.86548144289524	0.866943552778231	0.870302142257809	0.915211144229773	0.908677974625464	0.911742265282939	0.736083656830227	0.774055548376323	0.747049590313658	0.696135247497797	0.723736998743006	0.741566279940486	0.584951672946194	0.575794797688419	0.601413458256745	0.743091185894374	0.763154459153141	0.814365760339087	0.825212518571124	0.824471697992012	0.859321583642585	0.919000361793688	0.899086014830203	0.90443636611964	0.878271514137891	0.902743433454629	0.696618918528725	0.685377200488733	0.716473085754359	0.908937716626031	0.906117848930164	0.914913622429875	0.933247890633344	0.92046114723048	0.902473180708901	0.875326979021465	0.897488991668804	0.900664381940415	0.915605563344582	0.862714153390139	0.895553996702361	0.787049126822695	0.685123757975898	0.705749822311305	0.875931220767745	0.885871907709508	0.874086854088492	0.885420370052924	0.867157056503914	0.916897930147831
"LDD10MLPR3"	0.919219966260528	0.916867743813267	0.915217194802466	0.706000486830356	0.811279459741019	0.804477662535778	0.845249532336572	0.838237105781312	0.846924022820807	0.526593019855426	0.445205210740186	0	0.851603548544523	0.846013732239743	0.850445876976591	0.86038535094045	0.83945145878123	0.858218813506565	0.751484841846216	0.641184112896365	0.754121290881787	0.656252259090726	0.635819361540458	0.710370116308289	0.658125677839877	0.669881806499542	0.645446125768984	0.713732603166447	0.68164663628744	0.759008867525572	0.834007702240253	0.807042918649877	0.787839825151573	0.859297745469024	0.874423580592393	0.861873270212987	0.858432341957444	0.857595889179816	0.872800283870595	0.753504814449525	0.676481155911654	0.704474418529857	0.853490281746789	0.85899044366672	0.857714123397841	0.859572969011301	0.854989037683736	0.855537935940388	0.844123521135757	0.815271361860437	0.841576251141899	0.873291518488594	0.868514282235911	0.865657804634679	0.820543619686276	0.742255615447628	0.756131539364639	0.83832628388598	0.882586457907968	0.848642712175495	0.862031366719133	0.847185964054502	0.881618866349933	0.934275686574288	0.938368008997826	0.932347091370535	0.750607311800924	0.721926023810746	0.778469132052096	0.864573740867736	0.868449856481243	0.849116502280618	0.685065516928829	0.670038169487513	0.644954677984889	0.85886065007786	0.858377040296796	0.863444704180263	0.887659848695202	0.878506047564464	0.884978479937745	0.73775834860331	0.761246229990747	0.724214706804295	0.714398178848257	0.634880146938736	0.678951956547645	0.596196771264751	0.629034479559734	0.644268651356199	0.689000661510609	0.698700647988983	0.752425524697082	0.795879100981314	0.76059478216315	0.846039894469863	0.890566560245867	0.918060779290542	0.875822969829824	0.865362109376052	0.872661222544037	0.818647218242699	0.769381174013547	0.825526580537871	0.879474064994092	0.882173686526943	0.889246115922781	0.90155630850377	0.889350615679635	0.878115014024383	0.861305175390937	0.882266660030216	0.884802676880703	0.883463605868621	0.783854400185756	0.894028409554287	0.89026898289077	0.827601134024015	0.845843480173266	0.866629324643391	0.860686651399392	0.864991492249245	0.860517828015439	0.862846498353457	0.887381233728181
"LDD10MR1"	0.73960997468663	0.814284319843912	0.737277051243849	0.595375062606238	0.408850125583995	0.728884398231789	0.34920655461709	0.599288563878486	0.578127802664514	0.85952544182847	0.863079231079399	0.851603548544523	0	0.276537804582774	0.449991771200312	0.553685568721622	0.298845227769275	0.55720089274492	0.647742975796522	0.589877638264154	0.453714512594697	0.683868380390119	0.689678195395932	0.807922424513596	0.742306865893637	0.920837474487464	0.738201636719776	0.66506977917277	0.749413259039298	0.710895694753226	0.449427825655835	0.456108819757491	0.460609304873793	0.632024150262522	0.407624919389556	0.452835914513968	0.324695594654849	0.71707222085043	0.350720535101035	0.815585069635441	0.773682085018906	0.800092905660636	0.446035626843784	0.423201333363168	0.472054164286588	0.284359220566354	0.351787792561567	0.508884483643355	0.629089209978579	0.726532808922642	0.56468628155024	0.666742226489668	0.617178168104481	0.70575571605444	0.770738930896538	0.777494970185	0.662865682409872	0.441393632711514	0.51903734691147	0.570318650453361	0.511915646542539	0.51774854666038	0.698926801194244	0.894453506353111	0.928801620124938	0.886280286278186	0.694752681440246	0.524122094366267	0.712645074323889	0.270427201417761	0.278277550966479	0.272351647852923	0.894658395014174	0.778805725136699	0.87339616306253	0.524895813996499	0.268783883078082	0.191746732870563	0.621260365010075	0.572151204992746	0.533709465771999	0.822621288245415	0.273466750344135	0.502693559899065	0.826300954690968	0.845124444302846	0.703528515998044	0.878258548393373	0.861151894899065	0.914360385316409	0.699557789285293	0.746247692682209	0.811310931573431	0.526714842322628	0.460555187233834	0.519662663412623	0.723378218928166	0.840318847458877	0.624131196862644	0.589851984576159	0.794144847884875	0.890564275017521	0.768573305031653	0.86987745225335	0.33238701445768	0.469501686997594	0.39302902132479	0.584431394073404	0.4850929421923	0.743180774813935	0.73344822879826	0.472190028779759	0.750557145212082	0.682080109088859	0.643157117749803	0.639923424538685	0.565381293553451	0.771260137946698	0.638536801749553	0.431530370882093	0.696559327137652	0.486855798684461	0.493550819912379	0.392494500737248	0.521302012014309
"LDD10MR2"	0.725384686390291	0.791785904347126	0.714275416631132	0.59066901445515	0.428719986738273	0.695806376807204	0.325999179339715	0.499075565691166	0.487301929105183	0.852031047739118	0.858366986078835	0.846013732239743	0.276537804582774	0	0.255702378709312	0.73287363471858	0.469898497391797	0.751713412600322	0.640603265147554	0.597029261556683	0.495968607611921	0.660448600794884	0.687963679132197	0.792940927609713	0.7173771946836	0.91586341552113	0.618364341534177	0.558700499484522	0.735234329733099	0.702606278606705	0.434639661196822	0.435195728219301	0.430017284869016	0.613664372659752	0.352361605520428	0.438204263094368	0.247564790698629	0.807978158904775	0.551088180809755	0.805088578954377	0.761448747836201	0.786156897391277	0.6204961288182	0.606672931925834	0.649321017625378	0.462399822164328	0.388853985922646	0.557805073010885	0.624151599278205	0.743825368182949	0.543454352367405	0.783086049551239	0.789113443997112	0.715107549768206	0.760660791549789	0.762229715765898	0.651997473200435	0.455832160508837	0.537041491931079	0.579639508555015	0.517354543940599	0.522838483627977	0.712879145667084	0.903731386179628	0.917031184013061	0.900240905869241	0.679158123127191	0.447975648430299	0.740040620757928	0.413397250495693	0.463199035802483	0.489107154499394	0.891143782744657	0.785682204856463	0.871911682506927	0.640608229084686	0.428936307039585	0.386133340289928	0.831007785477076	0.78106818335062	0.742999250822879	0.815089225890747	0.449659464658852	0.504071678144156	0.824388261267125	0.847063212458487	0.711873944308637	0.86913924871342	0.857301617556052	0.911321190919976	0.681655870927134	0.728822511303602	0.795102706976407	0.533348273959576	0.467517434148702	0.531213117967123	0.800210061456902	0.821256688008644	0.777888025179547	0.586884371873024	0.771681880594026	0.886190825306384	0.764119462577533	0.864475778507816	0.527504413308558	0.642244865130703	0.567252088668781	0.762993768913119	0.694413980821969	0.733544704594266	0.762606640763875	0.667994343699208	0.782110288665303	0.680236418009264	0.626720075443835	0.647688376901518	0.559070140857834	0.759850591485452	0.635214675788177	0.444312103414508	0.726637512769659	0.464174184035463	0.703186394889881	0.564566027510025	0.736571354149774
"LDD10MR3"	0.703408530676066	0.772272667303965	0.696968869044906	0.661991575157785	0.557586470864355	0.702391497521339	0.279085580752625	0.450240207644324	0.481306356108574	0.861422922432422	0.862629566809249	0.850445876976591	0.449991771200312	0.255702378709312	0	0.723857797867225	0.531675245739967	0.736269161660253	0.693512021879005	0.583235385251617	0.605005070231411	0.679368894831991	0.737631247237481	0.786237618019922	0.724244235668385	0.923333850492731	0.626023201590405	0.563462821311302	0.718322260166355	0.69306258264143	0.592824804478133	0.595368242298617	0.590181146480694	0.615191844399941	0.513174856070716	0.519258775493539	0.28374862093459	0.790627570093845	0.632749245439215	0.811534577409097	0.764629066932609	0.790782789373803	0.55417889821309	0.574532486793325	0.585632924995134	0.553016813495683	0.519232230797174	0.494853104265473	0.62453638249672	0.725032620464321	0.657814308052916	0.741550032636287	0.749794094504431	0.662374978559891	0.769713952826609	0.770498821623689	0.684056634098515	0.561968885069805	0.646992018193217	0.580938239838834	0.635012502690884	0.6186376191701	0.694092190312216	0.881598569460706	0.918196889039195	0.878088770121592	0.719871313239564	0.474898976222701	0.717756279662702	0.588555237569809	0.529455481310278	0.578550813952596	0.895074295116045	0.77859201927731	0.875786868604311	0.595425813720779	0.572655937601621	0.589833937166762	0.784865266059676	0.735191888495544	0.755632987275349	0.823470466297595	0.581374896137361	0.659006013329407	0.826506679573369	0.832377810075629	0.67954787146682	0.874656502825181	0.864205346803352	0.916028376870682	0.673345099142377	0.729988146233799	0.776676204116095	0.687727348051901	0.621055184306963	0.661445052278488	0.738680679358223	0.798611420054992	0.754783637753691	0.609550910794324	0.750683427294708	0.883803658997416	0.765688239816246	0.865714130829566	0.654922537515285	0.637454307844312	0.654160270100467	0.725538816744594	0.643660217166351	0.732631477247519	0.733187213397594	0.629986020865622	0.766601979640723	0.66493434729833	0.627459405457826	0.677877654235364	0.735151903036805	0.76266892798932	0.735752907141785	0.529339501655943	0.660055796561106	0.432279460278784	0.66142608883592	0.522054296316491	0.694928692716284
"LDD10NUSR1"	0.847696632888538	0.845504919016717	0.843939109970163	0.769999353539845	0.705104245117846	0.803955855356306	0.646128629661047	0.753049537509119	0.771278346495435	0.860850113470088	0.869594732037058	0.86038535094045	0.553685568721622	0.73287363471858	0.723857797867225	0	0.440775405533735	0.0684873219086694	0.793260068883734	0.757887685594658	0.72270070452936	0.823178727475999	0.856946669632998	0.855417558053085	0.837282002364225	0.916636503015239	0.833577539238618	0.80847629696464	0.821739958457639	0.827271936181633	0.823655853236654	0.830116593639529	0.826911425950997	0.763065952273434	0.732066274557845	0.73214641777712	0.617354604865636	0.718804426331057	0.343623730520286	0.821929987624042	0.858401440651057	0.788070550676952	0.390676328629398	0.415290142666231	0.357178285939162	0.55774046219196	0.700593792348757	0.683995687234702	0.743199218016176	0.778589080106318	0.777740213136861	0.663787808501101	0.609569099665824	0.731932567649742	0.816862220617193	0.796008824692064	0.76962118513677	0.749823053942331	0.826562506954484	0.750502773777339	0.79154809206679	0.775235352069134	0.818153523758922	0.904086202051039	0.909747098900699	0.896031743756063	0.850648404140267	0.750526102596321	0.82736966639912	0.665284296741243	0.411792988855091	0.413520284003358	0.900150093019333	0.825212021961356	0.881494739149256	0.665369591036525	0.56315168033242	0.546372486362208	0.459115655875437	0.4514434685937	0.555928868289656	0.834167260126917	0.572411051617251	0.783769752837091	0.846687751557592	0.853755358471809	0.823732569939624	0.876190505740048	0.868769644995933	0.905520481584303	0.816116191010999	0.810078683004438	0.863621368697547	0.836244549846102	0.779438637681749	0.825670309289195	0.748776695818417	0.847470089560896	0.64175049839827	0.717109512904373	0.804367816594687	0.900897404594197	0.842755027370749	0.879620463227234	0.458067679939926	0.514247616773946	0.458662685778946	0.207635624460619	0.451895778737919	0.8090540692526	0.745038640951811	0.609096167220566	0.755993429562847	0.82317242846451	0.756390199420089	0.800241801326411	0.865584776256886	0.843939731913138	0.856225046507707	0.785231094648104	0.762986245024446	0.75481974113902	0.538175282231851	0.548437175526772	0.52534410424273
"LDD10NUSR2"	0.682900367535761	0.726220523259872	0.665144246948918	0.598784377680461	0.453442076021994	0.730236516359107	0.492693686469639	0.732161247058153	0.696238017559588	0.849119076594832	0.854027730399475	0.83945145878123	0.298845227769275	0.469898497391797	0.531675245739967	0.440775405533735	0	0.441940254935985	0.641516343480446	0.650231332774413	0.436073343377166	0.682950769365097	0.681628391184009	0.804402276102308	0.826515284433682	0.906269876824259	0.813920696191387	0.754931787358179	0.694541818654174	0.683953833062391	0.578396944146921	0.586707316078256	0.587857741860502	0.536807960997983	0.512055309095089	0.435397812494741	0.438003644428134	0.689772985173282	0.264043935625282	0.801695493881067	0.754909299031237	0.784516048890273	0.255029023374722	0.253305976112777	0.30326081409039	0.237810837640073	0.385459865908453	0.489540764493664	0.584094046310618	0.756310305890457	0.53734939611536	0.552219608974889	0.516547534537275	0.596380955594397	0.76201780208933	0.756970350107009	0.629032008709569	0.392402437715802	0.488107076805747	0.513552498745176	0.486978867031268	0.505241455847781	0.677118413227363	0.878269588065181	0.891757749253918	0.874989248005297	0.667208873459109	0.607472559983822	0.730762789188604	0.433210297256447	0.284468014304832	0.208650948100901	0.883476869902019	0.791870609316721	0.864393823132602	0.607329793814463	0.341173988399832	0.300675671932807	0.481059654800666	0.466652898914803	0.483033164144836	0.815396930409697	0.317953122348223	0.520386803486616	0.79911843097941	0.811495460059225	0.66508805624084	0.850108674778656	0.848681876174393	0.881889761322873	0.754617565513501	0.709287630748948	0.765958175947821	0.579985504734742	0.515633940122574	0.56905711671653	0.654919327442245	0.777173417313692	0.587842426712445	0.600991268063164	0.71462308249348	0.880965994568673	0.756226243016428	0.857530788616952	0.225521101462491	0.327804472558457	0.24636668929445	0.410017255248435	0.362371079501294	0.699310461747862	0.72234739027163	0.453198046177171	0.720905662180114	0.59583263018577	0.527209298698918	0.592426578635374	0.597736867292969	0.744282793193601	0.632878276987219	0.486455281359683	0.62177809574127	0.553389599420838	0.415121216749426	0.459300419855438	0.406708302830596
